
This summary file was generated by SubDyn v1.03.00 on 12-Aug-2016 at 13:49:33.

Unless specified, units are consistent with Input units, [SI] system is advised.
____________________________________________________________________________________________________

Number of nodes (NNodes):    12
Node No. Y2Mesh Node           X (m)           Y (m)           Z (m)
-------- ----------- --------------- --------------- ---------------
       1           9         -5.9390         -5.9390        -43.1270
       2          10          5.9390         -5.9390        -43.1270
       3          11          5.9390          5.9390        -43.1270
       4          12         -5.9390          5.9390        -43.1270
       5           1         -4.0160         -4.0160         15.6510
       6           2          4.0160         -4.0160         15.6510
       7           3          4.0160          4.0160         15.6510
       8           4         -4.0160          4.0160         15.6510
       9           5          0.0000         -4.7918         -8.0609
      10           6          4.7918          0.0000         -8.0609
      11           7          0.0000          4.7918         -8.0609
      12           8         -4.7918          0.0000         -8.0609

Number of elements (NElems):    24
Elem No.    Node_I    Node_J    Prop_I    Prop_J
       1         1         5         2         2
       2         2         6         2         2
       3         3         7         2         2
       4         4         8         2         2
       5         1         9         3         3
       6         9         6         3         3
       7         5         9         3         3
       8         9         2         3         3
       9         2        10         3         3
      10        10         7         3         3
      11         6        10         3         3
      12        10         3         3         3
      13         3        11         3         3
      14        11         8         3         3
      15         7        11         3         3
      16        11         4         3         3
      17         4        12         3         3
      18        12         5         3         3
      19         8        12         3         3
      20        12         1         3         3
      21         5         6         3         3
      22         6         7         3         3
      23         7         8         3         3
      24         8         5         3         3

Number of properties (NProps):     6
Prop No.         YoungE         ShearG        MatDens          XsecD          XsecT
       1   0.210000E+12   0.807690E+11   0.785000E+04   0.800000E+00   0.200000E-01
       2   0.210000E+12   0.807690E+11   0.785000E+04   0.120000E+01   0.500000E-01
       3   0.210000E+12   0.807690E+11   0.785000E+04   0.120000E+01   0.350000E-01
       4   0.210000E+12   0.807690E+11   0.785000E+04   0.120000E+01   0.400000E-01
       5   0.210000E+12   0.807690E+11   0.333912E+04   0.208200E+01   0.491000E+00
       6   0.210000E+12   0.807690E+11   0.785000E+04   0.208200E+01   0.600000E-01

No. of Reaction DOFs:    24
Reaction DOF_ID  LOCK
         1         1
         2         1
         3         1
         4         1
         5         1
         6         1
         7         1
         8         1
         9         1
        10         1
        11         1
        12         1
        13         1
        14         1
        15         1
        16         1
        17         1
        18         1
        19         1
        20         1
        21         1
        22         1
        23         1
        24         1

No. of Interface DOFs:    24
Interface DOF ID  LOCK
        25         1
        26         1
        27         1
        28         1
        29         1
        30         1
        31         1
        32         1
        33         1
        34         1
        35         1
        36         1
        37         1
        38         1
        39         1
        40         1
        41         1
        42         1
        43         1
        44         1
        45         1
        46         1
        47         1
        48         1

Number of concentrated masses (NCMass):     0
JointCMass           Mass            JXX            JYY            JZZ


Number of members    24
Number of nodes per member:     2
Member ID Joint1_ID Joint2_ID           Mass     Node IDs...
        1         1         5   0.834385E+05        1     5
        2         2         6   0.834385E+05        2     6
        3         3         7   0.834385E+05        3     7
        4         4         8   0.834385E+05        4     8
        5         1         9   0.357823E+05        1     9
        6         9         6   0.241962E+05        9     6
        7         5         9   0.241962E+05        5     9
        8         9         2   0.357823E+05        9     2
        9         2        10   0.357823E+05        2    10
       10        10         7   0.241962E+05       10     7
       11         6        10   0.241962E+05        6    10
       12        10         3   0.357823E+05       10     3
       13         3        11   0.357823E+05        3    11
       14        11         8   0.241962E+05       11     8
       15         7        11   0.241962E+05        7    11
       16        11         4   0.357823E+05       11     4
       17         4        12   0.357823E+05        4    12
       18        12         5   0.241962E+05       12     5
       19         8        12   0.241962E+05        8    12
       20        12         1   0.357823E+05       12     1
       21         5         6   0.807676E+04        5     6
       22         6         7   0.807676E+04        6     7
       23         7         8   0.807676E+04        7     8
       24         8         5   0.807676E+04        8     5
____________________________________________________________________________________________________
Direction Cosine Matrices for all Members: GLOBAL-2-LOCAL. No. of 3x3 matrices=    24
Member ID        DC(1,1)        DC(1,2)        DC(1,3)        DC(2,1)        DC(2,2)        DC(2,3)        DC(3,1)        DC(3,2)        DC(3,3)
        1   0.707107E+00  -0.707107E+00   0.000000E+00   0.706351E+00   0.706351E+00  -0.462184E-01   0.326814E-01   0.326814E-01   0.998931E+00
        2   0.707107E+00   0.707107E+00   0.000000E+00  -0.706351E+00   0.706351E+00  -0.462184E-01  -0.326814E-01   0.326814E-01   0.998931E+00
        3  -0.707107E+00   0.707107E+00   0.000000E+00  -0.706351E+00  -0.706351E+00  -0.462184E-01  -0.326814E-01  -0.326814E-01   0.998931E+00
        4  -0.707107E+00  -0.707107E+00   0.000000E+00   0.706351E+00  -0.706351E+00  -0.462184E-01   0.326814E-01  -0.326814E-01   0.998931E+00
        5   0.189658E+00  -0.981850E+00   0.000000E+00   0.967561E+00   0.186898E+00  -0.169986E+00   0.166901E+00   0.322392E-01   0.985447E+00
        6   0.189671E+00  -0.981848E+00   0.000000E+00   0.967558E+00   0.186910E+00  -0.169987E+00   0.166902E+00   0.322416E-01   0.985446E+00
        7  -0.189671E+00  -0.981848E+00   0.000000E+00  -0.967558E+00   0.186910E+00  -0.169987E+00   0.166902E+00  -0.322416E-01  -0.985446E+00
        8  -0.189658E+00  -0.981850E+00   0.000000E+00  -0.967561E+00   0.186898E+00  -0.169986E+00   0.166901E+00  -0.322392E-01  -0.985447E+00
        9   0.981850E+00   0.189658E+00   0.000000E+00  -0.186898E+00   0.967561E+00  -0.169986E+00  -0.322392E-01   0.166901E+00   0.985447E+00
       10   0.981848E+00   0.189671E+00   0.000000E+00  -0.186910E+00   0.967558E+00  -0.169987E+00  -0.322416E-01   0.166902E+00   0.985446E+00
       11   0.981848E+00  -0.189671E+00   0.000000E+00  -0.186910E+00  -0.967558E+00  -0.169987E+00   0.322416E-01   0.166902E+00  -0.985446E+00
       12   0.981850E+00  -0.189658E+00   0.000000E+00  -0.186898E+00  -0.967561E+00  -0.169986E+00   0.322392E-01   0.166901E+00  -0.985447E+00
       13  -0.189658E+00   0.981850E+00   0.000000E+00  -0.967561E+00  -0.186898E+00  -0.169986E+00  -0.166901E+00  -0.322392E-01   0.985447E+00
       14  -0.189671E+00   0.981848E+00   0.000000E+00  -0.967558E+00  -0.186910E+00  -0.169987E+00  -0.166902E+00  -0.322416E-01   0.985446E+00
       15   0.189671E+00   0.981848E+00   0.000000E+00   0.967558E+00  -0.186910E+00  -0.169987E+00  -0.166902E+00   0.322416E-01  -0.985446E+00
       16   0.189658E+00   0.981850E+00   0.000000E+00   0.967561E+00  -0.186898E+00  -0.169986E+00  -0.166901E+00   0.322392E-01  -0.985447E+00
       17  -0.981850E+00  -0.189658E+00   0.000000E+00   0.186898E+00  -0.967561E+00  -0.169986E+00   0.322392E-01  -0.166901E+00   0.985447E+00
       18  -0.981848E+00  -0.189671E+00   0.000000E+00   0.186910E+00  -0.967558E+00  -0.169987E+00   0.322416E-01  -0.166902E+00   0.985446E+00
       19  -0.981848E+00   0.189671E+00   0.000000E+00   0.186910E+00   0.967558E+00  -0.169987E+00  -0.322416E-01  -0.166902E+00  -0.985446E+00
       20  -0.981850E+00   0.189658E+00   0.000000E+00   0.186898E+00   0.967561E+00  -0.169986E+00  -0.322392E-01  -0.166901E+00  -0.985447E+00
       21   0.000000E+00  -0.100000E+01   0.000000E+00   0.000000E+00   0.000000E+00  -0.100000E+01   0.100000E+01   0.000000E+00   0.000000E+00
       22   0.100000E+01   0.000000E+00   0.000000E+00   0.000000E+00   0.000000E+00  -0.100000E+01   0.000000E+00   0.100000E+01   0.000000E+00
       23   0.000000E+00   0.100000E+01   0.000000E+00   0.000000E+00   0.000000E+00  -0.100000E+01  -0.100000E+01   0.000000E+00   0.000000E+00
       24  -0.100000E+01   0.000000E+00   0.000000E+00   0.000000E+00   0.000000E+00  -0.100000E+01   0.000000E+00  -0.100000E+01   0.000000E+00
____________________________________________________________________________________________________
Eigenvalues
__________
FEM Eigenvalues [Hz]. Number of shown eigenvalues (total # of DOFs minus restrained nodes' DOFs):    48
     1   0.177828E+01
     2   0.177828E+01
     3   0.202631E+01
     4   0.203355E+01
     5   0.265998E+01
     6   0.265998E+01
     7   0.280506E+01
     8   0.483723E+01
     9   0.483941E+01
    10   0.492208E+01
    11   0.567517E+01
    12   0.567517E+01
    13   0.599375E+01
    14   0.599375E+01
    15   0.601527E+01
    16   0.631969E+01
    17   0.833353E+01
    18   0.833353E+01
    19   0.858397E+01
    20   0.867184E+01
    21   0.885435E+01
    22   0.885435E+01
    23   0.979258E+01
    24   0.100194E+02
    25   0.100964E+02
    26   0.100964E+02
    27   0.135996E+02
    28   0.162567E+02
    29   0.175719E+02
    30   0.175719E+02
    31   0.177582E+02
    32   0.178811E+02
    33   0.216172E+02
    34   0.300697E+02
    35   0.300697E+02
    36   0.412860E+02
    37   0.419235E+02
    38   0.478160E+02
    39   0.568492E+02
    40   0.568492E+02
    41   0.611127E+02
    42   0.614755E+02
    43   0.614755E+02
    44   0.767705E+02
    45   0.906087E+02
    46   0.974369E+02
    47   0.974369E+02
    48   0.101110E+03
__________
CB Reduced Eigenvalues [Hz].  Number of retained modes' eigenvalues:    24
     1   0.218369E+01
     2   0.218369E+01
     3   0.218369E+01
     4   0.218369E+01
     5   0.643860E+01
     6   0.643860E+01
     7   0.643860E+01
     8   0.643860E+01
     9   0.830059E+01
    10   0.830059E+01
    11   0.830059E+01
    12   0.830059E+01
    13   0.987920E+01
    14   0.987920E+01
    15   0.987920E+01
    16   0.987920E+01
    17   0.175812E+02
    18   0.175812E+02
    19   0.175812E+02
    20   0.175812E+02
    21   0.479677E+02
    22   0.479677E+02
    23   0.479677E+02
    24   0.479677E+02
____________________________________________________________________________________________________
FEM Eigenvectors (72 x 48) [m or rad]. Number of shown eigenvectors (total # of DOFs minus restrained nodes' DOFs):    48
                    1              2              3              4              5              6              7              8              9             10             11             12             13             14             15             16             17             18             19             20             21             22             23             24             25             26             27             28             29             30             31             32             33             34             35             36             37             38             39             40             41             42             43             44             45             46             47             48
     1   0.000000E+00   0.000000E+00   0.000000E+00   0.000000E+00   0.000000E+00   0.000000E+00   0.000000E+00   0.000000E+00   0.000000E+00   0.000000E+00   0.000000E+00   0.000000E+00   0.000000E+00   0.000000E+00   0.000000E+00   0.000000E+00   0.000000E+00   0.000000E+00   0.000000E+00   0.000000E+00   0.000000E+00   0.000000E+00   0.000000E+00   0.000000E+00   0.000000E+00   0.000000E+00   0.000000E+00   0.000000E+00   0.000000E+00   0.000000E+00   0.000000E+00   0.000000E+00   0.000000E+00   0.000000E+00   0.000000E+00   0.000000E+00   0.000000E+00   0.000000E+00   0.000000E+00   0.000000E+00   0.000000E+00   0.000000E+00   0.000000E+00   0.000000E+00   0.000000E+00   0.000000E+00   0.000000E+00   0.000000E+00
     2   0.000000E+00   0.000000E+00   0.000000E+00   0.000000E+00   0.000000E+00   0.000000E+00   0.000000E+00   0.000000E+00   0.000000E+00   0.000000E+00   0.000000E+00   0.000000E+00   0.000000E+00   0.000000E+00   0.000000E+00   0.000000E+00   0.000000E+00   0.000000E+00   0.000000E+00   0.000000E+00   0.000000E+00   0.000000E+00   0.000000E+00   0.000000E+00   0.000000E+00   0.000000E+00   0.000000E+00   0.000000E+00   0.000000E+00   0.000000E+00   0.000000E+00   0.000000E+00   0.000000E+00   0.000000E+00   0.000000E+00   0.000000E+00   0.000000E+00   0.000000E+00   0.000000E+00   0.000000E+00   0.000000E+00   0.000000E+00   0.000000E+00   0.000000E+00   0.000000E+00   0.000000E+00   0.000000E+00   0.000000E+00
     3   0.000000E+00   0.000000E+00   0.000000E+00   0.000000E+00   0.000000E+00   0.000000E+00   0.000000E+00   0.000000E+00   0.000000E+00   0.000000E+00   0.000000E+00   0.000000E+00   0.000000E+00   0.000000E+00   0.000000E+00   0.000000E+00   0.000000E+00   0.000000E+00   0.000000E+00   0.000000E+00   0.000000E+00   0.000000E+00   0.000000E+00   0.000000E+00   0.000000E+00   0.000000E+00   0.000000E+00   0.000000E+00   0.000000E+00   0.000000E+00   0.000000E+00   0.000000E+00   0.000000E+00   0.000000E+00   0.000000E+00   0.000000E+00   0.000000E+00   0.000000E+00   0.000000E+00   0.000000E+00   0.000000E+00   0.000000E+00   0.000000E+00   0.000000E+00   0.000000E+00   0.000000E+00   0.000000E+00   0.000000E+00
     4   0.000000E+00   0.000000E+00   0.000000E+00   0.000000E+00   0.000000E+00   0.000000E+00   0.000000E+00   0.000000E+00   0.000000E+00   0.000000E+00   0.000000E+00   0.000000E+00   0.000000E+00   0.000000E+00   0.000000E+00   0.000000E+00   0.000000E+00   0.000000E+00   0.000000E+00   0.000000E+00   0.000000E+00   0.000000E+00   0.000000E+00   0.000000E+00   0.000000E+00   0.000000E+00   0.000000E+00   0.000000E+00   0.000000E+00   0.000000E+00   0.000000E+00   0.000000E+00   0.000000E+00   0.000000E+00   0.000000E+00   0.000000E+00   0.000000E+00   0.000000E+00   0.000000E+00   0.000000E+00   0.000000E+00   0.000000E+00   0.000000E+00   0.000000E+00   0.000000E+00   0.000000E+00   0.000000E+00   0.000000E+00
     5   0.000000E+00   0.000000E+00   0.000000E+00   0.000000E+00   0.000000E+00   0.000000E+00   0.000000E+00   0.000000E+00   0.000000E+00   0.000000E+00   0.000000E+00   0.000000E+00   0.000000E+00   0.000000E+00   0.000000E+00   0.000000E+00   0.000000E+00   0.000000E+00   0.000000E+00   0.000000E+00   0.000000E+00   0.000000E+00   0.000000E+00   0.000000E+00   0.000000E+00   0.000000E+00   0.000000E+00   0.000000E+00   0.000000E+00   0.000000E+00   0.000000E+00   0.000000E+00   0.000000E+00   0.000000E+00   0.000000E+00   0.000000E+00   0.000000E+00   0.000000E+00   0.000000E+00   0.000000E+00   0.000000E+00   0.000000E+00   0.000000E+00   0.000000E+00   0.000000E+00   0.000000E+00   0.000000E+00   0.000000E+00
     6   0.000000E+00   0.000000E+00   0.000000E+00   0.000000E+00   0.000000E+00   0.000000E+00   0.000000E+00   0.000000E+00   0.000000E+00   0.000000E+00   0.000000E+00   0.000000E+00   0.000000E+00   0.000000E+00   0.000000E+00   0.000000E+00   0.000000E+00   0.000000E+00   0.000000E+00   0.000000E+00   0.000000E+00   0.000000E+00   0.000000E+00   0.000000E+00   0.000000E+00   0.000000E+00   0.000000E+00   0.000000E+00   0.000000E+00   0.000000E+00   0.000000E+00   0.000000E+00   0.000000E+00   0.000000E+00   0.000000E+00   0.000000E+00   0.000000E+00   0.000000E+00   0.000000E+00   0.000000E+00   0.000000E+00   0.000000E+00   0.000000E+00   0.000000E+00   0.000000E+00   0.000000E+00   0.000000E+00   0.000000E+00
     7   0.000000E+00   0.000000E+00   0.000000E+00   0.000000E+00   0.000000E+00   0.000000E+00   0.000000E+00   0.000000E+00   0.000000E+00   0.000000E+00   0.000000E+00   0.000000E+00   0.000000E+00   0.000000E+00   0.000000E+00   0.000000E+00   0.000000E+00   0.000000E+00   0.000000E+00   0.000000E+00   0.000000E+00   0.000000E+00   0.000000E+00   0.000000E+00   0.000000E+00   0.000000E+00   0.000000E+00   0.000000E+00   0.000000E+00   0.000000E+00   0.000000E+00   0.000000E+00   0.000000E+00   0.000000E+00   0.000000E+00   0.000000E+00   0.000000E+00   0.000000E+00   0.000000E+00   0.000000E+00   0.000000E+00   0.000000E+00   0.000000E+00   0.000000E+00   0.000000E+00   0.000000E+00   0.000000E+00   0.000000E+00
     8   0.000000E+00   0.000000E+00   0.000000E+00   0.000000E+00   0.000000E+00   0.000000E+00   0.000000E+00   0.000000E+00   0.000000E+00   0.000000E+00   0.000000E+00   0.000000E+00   0.000000E+00   0.000000E+00   0.000000E+00   0.000000E+00   0.000000E+00   0.000000E+00   0.000000E+00   0.000000E+00   0.000000E+00   0.000000E+00   0.000000E+00   0.000000E+00   0.000000E+00   0.000000E+00   0.000000E+00   0.000000E+00   0.000000E+00   0.000000E+00   0.000000E+00   0.000000E+00   0.000000E+00   0.000000E+00   0.000000E+00   0.000000E+00   0.000000E+00   0.000000E+00   0.000000E+00   0.000000E+00   0.000000E+00   0.000000E+00   0.000000E+00   0.000000E+00   0.000000E+00   0.000000E+00   0.000000E+00   0.000000E+00
     9   0.000000E+00   0.000000E+00   0.000000E+00   0.000000E+00   0.000000E+00   0.000000E+00   0.000000E+00   0.000000E+00   0.000000E+00   0.000000E+00   0.000000E+00   0.000000E+00   0.000000E+00   0.000000E+00   0.000000E+00   0.000000E+00   0.000000E+00   0.000000E+00   0.000000E+00   0.000000E+00   0.000000E+00   0.000000E+00   0.000000E+00   0.000000E+00   0.000000E+00   0.000000E+00   0.000000E+00   0.000000E+00   0.000000E+00   0.000000E+00   0.000000E+00   0.000000E+00   0.000000E+00   0.000000E+00   0.000000E+00   0.000000E+00   0.000000E+00   0.000000E+00   0.000000E+00   0.000000E+00   0.000000E+00   0.000000E+00   0.000000E+00   0.000000E+00   0.000000E+00   0.000000E+00   0.000000E+00   0.000000E+00
    10   0.000000E+00   0.000000E+00   0.000000E+00   0.000000E+00   0.000000E+00   0.000000E+00   0.000000E+00   0.000000E+00   0.000000E+00   0.000000E+00   0.000000E+00   0.000000E+00   0.000000E+00   0.000000E+00   0.000000E+00   0.000000E+00   0.000000E+00   0.000000E+00   0.000000E+00   0.000000E+00   0.000000E+00   0.000000E+00   0.000000E+00   0.000000E+00   0.000000E+00   0.000000E+00   0.000000E+00   0.000000E+00   0.000000E+00   0.000000E+00   0.000000E+00   0.000000E+00   0.000000E+00   0.000000E+00   0.000000E+00   0.000000E+00   0.000000E+00   0.000000E+00   0.000000E+00   0.000000E+00   0.000000E+00   0.000000E+00   0.000000E+00   0.000000E+00   0.000000E+00   0.000000E+00   0.000000E+00   0.000000E+00
    11   0.000000E+00   0.000000E+00   0.000000E+00   0.000000E+00   0.000000E+00   0.000000E+00   0.000000E+00   0.000000E+00   0.000000E+00   0.000000E+00   0.000000E+00   0.000000E+00   0.000000E+00   0.000000E+00   0.000000E+00   0.000000E+00   0.000000E+00   0.000000E+00   0.000000E+00   0.000000E+00   0.000000E+00   0.000000E+00   0.000000E+00   0.000000E+00   0.000000E+00   0.000000E+00   0.000000E+00   0.000000E+00   0.000000E+00   0.000000E+00   0.000000E+00   0.000000E+00   0.000000E+00   0.000000E+00   0.000000E+00   0.000000E+00   0.000000E+00   0.000000E+00   0.000000E+00   0.000000E+00   0.000000E+00   0.000000E+00   0.000000E+00   0.000000E+00   0.000000E+00   0.000000E+00   0.000000E+00   0.000000E+00
    12   0.000000E+00   0.000000E+00   0.000000E+00   0.000000E+00   0.000000E+00   0.000000E+00   0.000000E+00   0.000000E+00   0.000000E+00   0.000000E+00   0.000000E+00   0.000000E+00   0.000000E+00   0.000000E+00   0.000000E+00   0.000000E+00   0.000000E+00   0.000000E+00   0.000000E+00   0.000000E+00   0.000000E+00   0.000000E+00   0.000000E+00   0.000000E+00   0.000000E+00   0.000000E+00   0.000000E+00   0.000000E+00   0.000000E+00   0.000000E+00   0.000000E+00   0.000000E+00   0.000000E+00   0.000000E+00   0.000000E+00   0.000000E+00   0.000000E+00   0.000000E+00   0.000000E+00   0.000000E+00   0.000000E+00   0.000000E+00   0.000000E+00   0.000000E+00   0.000000E+00   0.000000E+00   0.000000E+00   0.000000E+00
    13   0.000000E+00   0.000000E+00   0.000000E+00   0.000000E+00   0.000000E+00   0.000000E+00   0.000000E+00   0.000000E+00   0.000000E+00   0.000000E+00   0.000000E+00   0.000000E+00   0.000000E+00   0.000000E+00   0.000000E+00   0.000000E+00   0.000000E+00   0.000000E+00   0.000000E+00   0.000000E+00   0.000000E+00   0.000000E+00   0.000000E+00   0.000000E+00   0.000000E+00   0.000000E+00   0.000000E+00   0.000000E+00   0.000000E+00   0.000000E+00   0.000000E+00   0.000000E+00   0.000000E+00   0.000000E+00   0.000000E+00   0.000000E+00   0.000000E+00   0.000000E+00   0.000000E+00   0.000000E+00   0.000000E+00   0.000000E+00   0.000000E+00   0.000000E+00   0.000000E+00   0.000000E+00   0.000000E+00   0.000000E+00
    14   0.000000E+00   0.000000E+00   0.000000E+00   0.000000E+00   0.000000E+00   0.000000E+00   0.000000E+00   0.000000E+00   0.000000E+00   0.000000E+00   0.000000E+00   0.000000E+00   0.000000E+00   0.000000E+00   0.000000E+00   0.000000E+00   0.000000E+00   0.000000E+00   0.000000E+00   0.000000E+00   0.000000E+00   0.000000E+00   0.000000E+00   0.000000E+00   0.000000E+00   0.000000E+00   0.000000E+00   0.000000E+00   0.000000E+00   0.000000E+00   0.000000E+00   0.000000E+00   0.000000E+00   0.000000E+00   0.000000E+00   0.000000E+00   0.000000E+00   0.000000E+00   0.000000E+00   0.000000E+00   0.000000E+00   0.000000E+00   0.000000E+00   0.000000E+00   0.000000E+00   0.000000E+00   0.000000E+00   0.000000E+00
    15   0.000000E+00   0.000000E+00   0.000000E+00   0.000000E+00   0.000000E+00   0.000000E+00   0.000000E+00   0.000000E+00   0.000000E+00   0.000000E+00   0.000000E+00   0.000000E+00   0.000000E+00   0.000000E+00   0.000000E+00   0.000000E+00   0.000000E+00   0.000000E+00   0.000000E+00   0.000000E+00   0.000000E+00   0.000000E+00   0.000000E+00   0.000000E+00   0.000000E+00   0.000000E+00   0.000000E+00   0.000000E+00   0.000000E+00   0.000000E+00   0.000000E+00   0.000000E+00   0.000000E+00   0.000000E+00   0.000000E+00   0.000000E+00   0.000000E+00   0.000000E+00   0.000000E+00   0.000000E+00   0.000000E+00   0.000000E+00   0.000000E+00   0.000000E+00   0.000000E+00   0.000000E+00   0.000000E+00   0.000000E+00
    16   0.000000E+00   0.000000E+00   0.000000E+00   0.000000E+00   0.000000E+00   0.000000E+00   0.000000E+00   0.000000E+00   0.000000E+00   0.000000E+00   0.000000E+00   0.000000E+00   0.000000E+00   0.000000E+00   0.000000E+00   0.000000E+00   0.000000E+00   0.000000E+00   0.000000E+00   0.000000E+00   0.000000E+00   0.000000E+00   0.000000E+00   0.000000E+00   0.000000E+00   0.000000E+00   0.000000E+00   0.000000E+00   0.000000E+00   0.000000E+00   0.000000E+00   0.000000E+00   0.000000E+00   0.000000E+00   0.000000E+00   0.000000E+00   0.000000E+00   0.000000E+00   0.000000E+00   0.000000E+00   0.000000E+00   0.000000E+00   0.000000E+00   0.000000E+00   0.000000E+00   0.000000E+00   0.000000E+00   0.000000E+00
    17   0.000000E+00   0.000000E+00   0.000000E+00   0.000000E+00   0.000000E+00   0.000000E+00   0.000000E+00   0.000000E+00   0.000000E+00   0.000000E+00   0.000000E+00   0.000000E+00   0.000000E+00   0.000000E+00   0.000000E+00   0.000000E+00   0.000000E+00   0.000000E+00   0.000000E+00   0.000000E+00   0.000000E+00   0.000000E+00   0.000000E+00   0.000000E+00   0.000000E+00   0.000000E+00   0.000000E+00   0.000000E+00   0.000000E+00   0.000000E+00   0.000000E+00   0.000000E+00   0.000000E+00   0.000000E+00   0.000000E+00   0.000000E+00   0.000000E+00   0.000000E+00   0.000000E+00   0.000000E+00   0.000000E+00   0.000000E+00   0.000000E+00   0.000000E+00   0.000000E+00   0.000000E+00   0.000000E+00   0.000000E+00
    18   0.000000E+00   0.000000E+00   0.000000E+00   0.000000E+00   0.000000E+00   0.000000E+00   0.000000E+00   0.000000E+00   0.000000E+00   0.000000E+00   0.000000E+00   0.000000E+00   0.000000E+00   0.000000E+00   0.000000E+00   0.000000E+00   0.000000E+00   0.000000E+00   0.000000E+00   0.000000E+00   0.000000E+00   0.000000E+00   0.000000E+00   0.000000E+00   0.000000E+00   0.000000E+00   0.000000E+00   0.000000E+00   0.000000E+00   0.000000E+00   0.000000E+00   0.000000E+00   0.000000E+00   0.000000E+00   0.000000E+00   0.000000E+00   0.000000E+00   0.000000E+00   0.000000E+00   0.000000E+00   0.000000E+00   0.000000E+00   0.000000E+00   0.000000E+00   0.000000E+00   0.000000E+00   0.000000E+00   0.000000E+00
    19   0.000000E+00   0.000000E+00   0.000000E+00   0.000000E+00   0.000000E+00   0.000000E+00   0.000000E+00   0.000000E+00   0.000000E+00   0.000000E+00   0.000000E+00   0.000000E+00   0.000000E+00   0.000000E+00   0.000000E+00   0.000000E+00   0.000000E+00   0.000000E+00   0.000000E+00   0.000000E+00   0.000000E+00   0.000000E+00   0.000000E+00   0.000000E+00   0.000000E+00   0.000000E+00   0.000000E+00   0.000000E+00   0.000000E+00   0.000000E+00   0.000000E+00   0.000000E+00   0.000000E+00   0.000000E+00   0.000000E+00   0.000000E+00   0.000000E+00   0.000000E+00   0.000000E+00   0.000000E+00   0.000000E+00   0.000000E+00   0.000000E+00   0.000000E+00   0.000000E+00   0.000000E+00   0.000000E+00   0.000000E+00
    20   0.000000E+00   0.000000E+00   0.000000E+00   0.000000E+00   0.000000E+00   0.000000E+00   0.000000E+00   0.000000E+00   0.000000E+00   0.000000E+00   0.000000E+00   0.000000E+00   0.000000E+00   0.000000E+00   0.000000E+00   0.000000E+00   0.000000E+00   0.000000E+00   0.000000E+00   0.000000E+00   0.000000E+00   0.000000E+00   0.000000E+00   0.000000E+00   0.000000E+00   0.000000E+00   0.000000E+00   0.000000E+00   0.000000E+00   0.000000E+00   0.000000E+00   0.000000E+00   0.000000E+00   0.000000E+00   0.000000E+00   0.000000E+00   0.000000E+00   0.000000E+00   0.000000E+00   0.000000E+00   0.000000E+00   0.000000E+00   0.000000E+00   0.000000E+00   0.000000E+00   0.000000E+00   0.000000E+00   0.000000E+00
    21   0.000000E+00   0.000000E+00   0.000000E+00   0.000000E+00   0.000000E+00   0.000000E+00   0.000000E+00   0.000000E+00   0.000000E+00   0.000000E+00   0.000000E+00   0.000000E+00   0.000000E+00   0.000000E+00   0.000000E+00   0.000000E+00   0.000000E+00   0.000000E+00   0.000000E+00   0.000000E+00   0.000000E+00   0.000000E+00   0.000000E+00   0.000000E+00   0.000000E+00   0.000000E+00   0.000000E+00   0.000000E+00   0.000000E+00   0.000000E+00   0.000000E+00   0.000000E+00   0.000000E+00   0.000000E+00   0.000000E+00   0.000000E+00   0.000000E+00   0.000000E+00   0.000000E+00   0.000000E+00   0.000000E+00   0.000000E+00   0.000000E+00   0.000000E+00   0.000000E+00   0.000000E+00   0.000000E+00   0.000000E+00
    22   0.000000E+00   0.000000E+00   0.000000E+00   0.000000E+00   0.000000E+00   0.000000E+00   0.000000E+00   0.000000E+00   0.000000E+00   0.000000E+00   0.000000E+00   0.000000E+00   0.000000E+00   0.000000E+00   0.000000E+00   0.000000E+00   0.000000E+00   0.000000E+00   0.000000E+00   0.000000E+00   0.000000E+00   0.000000E+00   0.000000E+00   0.000000E+00   0.000000E+00   0.000000E+00   0.000000E+00   0.000000E+00   0.000000E+00   0.000000E+00   0.000000E+00   0.000000E+00   0.000000E+00   0.000000E+00   0.000000E+00   0.000000E+00   0.000000E+00   0.000000E+00   0.000000E+00   0.000000E+00   0.000000E+00   0.000000E+00   0.000000E+00   0.000000E+00   0.000000E+00   0.000000E+00   0.000000E+00   0.000000E+00
    23   0.000000E+00   0.000000E+00   0.000000E+00   0.000000E+00   0.000000E+00   0.000000E+00   0.000000E+00   0.000000E+00   0.000000E+00   0.000000E+00   0.000000E+00   0.000000E+00   0.000000E+00   0.000000E+00   0.000000E+00   0.000000E+00   0.000000E+00   0.000000E+00   0.000000E+00   0.000000E+00   0.000000E+00   0.000000E+00   0.000000E+00   0.000000E+00   0.000000E+00   0.000000E+00   0.000000E+00   0.000000E+00   0.000000E+00   0.000000E+00   0.000000E+00   0.000000E+00   0.000000E+00   0.000000E+00   0.000000E+00   0.000000E+00   0.000000E+00   0.000000E+00   0.000000E+00   0.000000E+00   0.000000E+00   0.000000E+00   0.000000E+00   0.000000E+00   0.000000E+00   0.000000E+00   0.000000E+00   0.000000E+00
    24   0.000000E+00   0.000000E+00   0.000000E+00   0.000000E+00   0.000000E+00   0.000000E+00   0.000000E+00   0.000000E+00   0.000000E+00   0.000000E+00   0.000000E+00   0.000000E+00   0.000000E+00   0.000000E+00   0.000000E+00   0.000000E+00   0.000000E+00   0.000000E+00   0.000000E+00   0.000000E+00   0.000000E+00   0.000000E+00   0.000000E+00   0.000000E+00   0.000000E+00   0.000000E+00   0.000000E+00   0.000000E+00   0.000000E+00   0.000000E+00   0.000000E+00   0.000000E+00   0.000000E+00   0.000000E+00   0.000000E+00   0.000000E+00   0.000000E+00   0.000000E+00   0.000000E+00   0.000000E+00   0.000000E+00   0.000000E+00   0.000000E+00   0.000000E+00   0.000000E+00   0.000000E+00   0.000000E+00   0.000000E+00
    25   0.215472E-01   0.389654E+00  -0.370143E-03  -0.372049E-03  -0.701114E+00  -0.266620E-03  -0.100000E+01   0.255089E-01  -0.255393E-01  -0.169448E+00  -0.373211E-01  -0.762513E-02  -0.578834E-01   0.974164E-03  -0.308614E+00  -0.609831E-01   0.747279E+00   0.268501E-05   0.612754E-03  -0.402282E-03   0.100000E+01   0.210364E+00  -0.693968E-01  -0.307486E+00  -0.356474E-01  -0.226020E+00  -0.100000E+01  -0.100000E+01   0.419012E-02  -0.830807E-02   0.244266E+00  -0.297536E+00  -0.351694E-03   0.158965E+00   0.750150E-02   0.103895E+00   0.199453E+00   0.435817E-01   0.493755E-01  -0.382267E-02  -0.758628E-01   0.421936E-01  -0.327849E+00   0.790961E-01  -0.100000E+01   0.100000E+01  -0.820873E-01   0.100000E+01
    26   0.390249E+00   0.333245E-03   0.370145E-03  -0.372003E-03   0.793851E-01  -0.696605E+00   0.100000E+01   0.255089E-01   0.255392E-01  -0.169448E+00   0.521805E-02  -0.377390E-01  -0.378413E-02   0.577678E-01  -0.308614E+00   0.609831E-01  -0.670929E+00   0.329059E+00  -0.612751E-03  -0.402282E-03   0.210363E+00   0.100000E+01  -0.693968E-01   0.307486E+00  -0.228812E+00  -0.757888E-03   0.100000E+01  -0.100000E+01  -0.831398E-02   0.417862E-02   0.244266E+00   0.297536E+00  -0.351716E-03   0.840467E-01   0.135138E+00  -0.103895E+00   0.199453E+00  -0.435817E-01  -0.284761E-01   0.405183E-01  -0.758629E-01  -0.327848E+00   0.421923E-01  -0.790961E-01  -0.100000E+01  -0.820716E-01   0.100000E+01  -0.100000E+01
    27   0.362867E-02   0.343649E-02  -0.171622E-08   0.140566E-03  -0.982595E-02  -0.110135E-01   0.530655E-08   0.164102E-02   0.320586E-07   0.135020E+00  -0.452343E-02  -0.639196E-02  -0.784266E-01   0.747059E-01  -0.953343E-01  -0.611158E-10   0.664909E-02   0.286569E-01   0.379559E-09   0.348938E-02   0.191745E+00   0.191745E+00  -0.101174E+00   0.806003E-08  -0.986628E-01  -0.846046E-01  -0.393290E-09  -0.170659E+00  -0.284170E-02  -0.284555E-02   0.414069E-01  -0.142500E-08  -0.100000E+01  -0.630133E+00  -0.369867E+00   0.590788E-08  -0.100000E+01  -0.193005E-08   0.168532E+00   0.295912E+00  -0.686276E+00   0.387175E-01   0.387179E-01   0.789547E-10   0.402240E-01  -0.155598E-01  -0.155595E-01   0.509518E-09
    28   0.735914E-02  -0.842306E-05   0.159258E-01  -0.159307E-01  -0.303592E-03   0.277471E-02   0.180784E-01   0.754009E+00   0.755292E+00  -0.667347E-01   0.260521E+00  -0.739340E+00   0.372175E-03   0.228524E-01  -0.106000E+00  -0.566533E-01   0.934926E-01  -0.457111E-01   0.615620E-01   0.619152E-01  -0.389048E-01  -0.180938E+00  -0.489425E-01  -0.105369E+00  -0.168477E-01   0.140969E-03  -0.136886E+00   0.119565E+00   0.163122E-02  -0.998242E-02  -0.183449E-01  -0.260622E-01   0.144414E-02  -0.962727E-02  -0.160276E-01  -0.173110E-01  -0.247547E-01   0.584312E-02   0.202086E-02  -0.294033E-02   0.717430E-02   0.612764E-01  -0.291922E-01   0.327046E-01   0.103882E+00   0.126707E-01  -0.108608E+00   0.117464E+00
    29  -0.391642E-03  -0.734873E-02   0.159258E-01   0.159307E-01  -0.279124E-02  -0.135942E-04   0.180784E-01  -0.754009E+00   0.755292E+00   0.667347E-01   0.783780E+00   0.681604E-04   0.228073E-01   0.148157E-02   0.106000E+00  -0.566533E-01   0.104069E+00  -0.127700E-03   0.615620E-01  -0.619152E-01   0.180938E+00   0.389050E-01   0.489425E-01  -0.105369E+00   0.243028E-02   0.166721E-01  -0.136886E+00  -0.119565E+00   0.998484E-02  -0.161747E-02   0.183449E-01  -0.260622E-01  -0.144413E-02   0.186873E-01   0.592161E-03  -0.173110E-01   0.247547E-01   0.584312E-02   0.355982E-02  -0.238189E-03  -0.717430E-02   0.291924E-01  -0.612765E-01   0.327046E-01  -0.103882E+00   0.108608E+00  -0.126724E-01   0.117464E+00
    30   0.895126E-03  -0.945184E-03   0.381746E-02  -0.564471E-08  -0.170809E-02   0.152391E-02  -0.242989E+00   0.150434E-08  -0.441984E-01   0.612057E-09  -0.611958E-01   0.433211E-01  -0.254846E-03  -0.267539E-03  -0.172510E-09  -0.964739E-02   0.127789E-01  -0.296499E-02  -0.711109E-01   0.265203E-09  -0.145898E-01   0.145898E-01   0.119931E-08  -0.652576E-01   0.274557E-02  -0.320178E-02  -0.232377E+00  -0.789423E-09   0.258272E-01  -0.257913E-01  -0.514576E-10  -0.302930E-01   0.351266E-08  -0.922328E-02   0.157135E-01  -0.100000E+01  -0.422661E-08   0.842562E-01  -0.568525E-01   0.323807E-01   0.195099E-07   0.100000E+01  -0.100000E+01   0.100000E+01  -0.426407E-10   0.152422E+00  -0.152424E+00   0.497854E+00
    31   0.208720E-01   0.389654E+00   0.370145E-03   0.372003E-03  -0.701175E+00   0.263728E-03  -0.100000E+01  -0.255089E-01   0.255392E-01  -0.169448E+00   0.426962E-01  -0.762491E-02  -0.577887E-01  -0.974153E-03  -0.308614E+00  -0.609831E-01   0.747290E+00  -0.244218E-05  -0.612751E-03   0.402282E-03   0.998532E+00   0.203270E+00  -0.693968E-01  -0.307486E+00  -0.341136E-01  -0.226020E+00  -0.100000E+01  -0.100000E+01  -0.440589E-02  -0.843069E-02   0.244266E+00  -0.297536E+00   0.351715E-03   0.150588E+00  -0.750132E-02  -0.103895E+00   0.199453E+00  -0.435817E-01  -0.448428E-01  -0.381898E-02   0.758629E-01   0.238837E-01  -0.325999E+00   0.790961E-01   0.100000E+01  -0.996980E+00  -0.265387E-01  -0.100000E+01
    32   0.390212E+00  -0.340983E-03   0.370143E-03  -0.372049E-03   0.799189E-01  -0.696605E+00  -0.100000E+01   0.255089E-01   0.255393E-01   0.169448E+00  -0.213852E-01   0.377390E-01  -0.183351E-02   0.577678E-01   0.308614E+00  -0.609831E-01  -0.670941E+00   0.329059E+00  -0.612754E-03  -0.402280E-03   0.203269E+00   0.998532E+00   0.693969E-01  -0.307486E+00  -0.228578E+00   0.757914E-03  -0.100000E+01   0.100000E+01  -0.842478E-02  -0.441739E-02  -0.244266E+00  -0.297536E+00  -0.351685E-03   0.668637E-01   0.135138E+00  -0.103895E+00  -0.199453E+00  -0.435817E-01   0.195914E-01  -0.405179E-01  -0.758629E-01  -0.325997E+00   0.238823E-01   0.790961E-01  -0.100000E+01  -0.265545E-01  -0.996978E+00  -0.100000E+01
    33   0.325456E-02  -0.343656E-02   0.172030E-08   0.140566E-03   0.123446E-01  -0.110135E-01  -0.542732E-08   0.164102E-02  -0.317334E-07  -0.135020E+00  -0.902928E-02   0.639192E-02   0.711618E-01   0.747059E-01   0.953343E-01  -0.160777E-09  -0.123509E+00   0.286569E-01  -0.396247E-09   0.348938E-02  -0.125985E+00   0.125985E+00   0.101174E+00  -0.548219E-09  -0.725496E-01   0.846046E-01  -0.602664E-08   0.170659E+00  -0.276937E-02   0.276551E-02  -0.414069E-01  -0.213167E-08  -0.100000E+01   0.217099E+00  -0.369866E+00  -0.561244E-08   0.100000E+01   0.193092E-08   0.519595E+00  -0.295939E+00  -0.686276E+00   0.474228E-01  -0.474228E-01  -0.884044E-10   0.402240E-01  -0.164497E-01   0.164499E-01   0.498849E-09
    34   0.736005E-02   0.827731E-05   0.159258E-01  -0.159307E-01  -0.330945E-03   0.277471E-02  -0.180784E-01   0.754009E+00   0.755292E+00   0.667347E-01  -0.260660E+00   0.739340E+00  -0.259446E-02   0.228524E-01   0.106000E+00   0.566533E-01   0.929125E-01  -0.457111E-01   0.615620E-01   0.619152E-01  -0.358614E-01  -0.180308E+00   0.489425E-01   0.105369E+00  -0.168912E-01  -0.140965E-03   0.136886E+00  -0.119565E+00   0.188922E-02   0.100326E-01   0.183449E-01   0.260622E-01   0.144413E-02  -0.827087E-02  -0.160276E-01  -0.173110E-01   0.247547E-01   0.584312E-02  -0.146730E-02   0.294031E-02   0.717430E-02   0.565797E-01   0.172822E-01  -0.327046E-01   0.103882E+00   0.664695E-02   0.108071E+00   0.117464E+00
    35  -0.408367E-03  -0.734873E-02  -0.159258E-01  -0.159307E-01  -0.279434E-02   0.135829E-04   0.180784E-01   0.754009E+00  -0.755292E+00   0.667347E-01  -0.783827E+00   0.636995E-04   0.229514E-01  -0.148157E-02   0.106000E+00  -0.566533E-01   0.103548E+00   0.127734E-03  -0.615620E-01   0.619152E-01   0.180308E+00   0.358616E-01   0.489425E-01  -0.105369E+00   0.271555E-02   0.166721E-01  -0.136886E+00  -0.119565E+00  -0.100302E-01  -0.190297E-02   0.183449E-01  -0.260622E-01   0.144414E-02   0.180261E-01  -0.592140E-03   0.173110E-01   0.247547E-01  -0.584312E-02  -0.327741E-02  -0.237921E-03   0.717430E-02  -0.172819E-01  -0.565801E-01   0.327046E-01   0.103882E+00  -0.108071E+00  -0.664523E-02  -0.117464E+00
    36  -0.998021E-03  -0.945165E-03  -0.381746E-02  -0.564444E-08  -0.135959E-02  -0.152391E-02  -0.242989E+00   0.150863E-08   0.441984E-01   0.790446E-09   0.306574E-01   0.433214E-01  -0.280863E-03   0.267539E-03  -0.129767E-09  -0.964739E-02   0.687951E-03   0.296499E-02   0.711109E-01   0.225975E-09  -0.222052E-01  -0.222052E-01   0.661640E-09  -0.652576E-01  -0.373380E-02  -0.320178E-02  -0.232377E+00  -0.899782E-09  -0.265018E-01  -0.265377E-01  -0.347749E-10  -0.302930E-01   0.313305E-08  -0.267707E-01  -0.157135E-01   0.100000E+01   0.441453E-08  -0.842562E-01   0.184403E-01   0.323778E-01  -0.151638E-09  -0.816432E+00  -0.816440E+00   0.100000E+01   0.333567E-10  -0.144176E+00  -0.144174E+00  -0.497854E+00
    37   0.215472E-01   0.389654E+00   0.370143E-03   0.372049E-03  -0.701114E+00  -0.266635E-03   0.100000E+01  -0.255089E-01   0.255393E-01   0.169448E+00  -0.373211E-01  -0.762513E-02  -0.578834E-01   0.974161E-03   0.308614E+00   0.609831E-01   0.747279E+00   0.268484E-05  -0.612754E-03   0.402280E-03   0.100000E+01   0.210364E+00   0.693968E-01   0.307486E+00  -0.356474E-01  -0.226020E+00   0.100000E+01   0.100000E+01   0.419012E-02  -0.830807E-02  -0.244266E+00   0.297536E+00   0.351685E-03   0.158965E+00   0.750150E-02  -0.103895E+00  -0.199453E+00  -0.435817E-01   0.493755E-01  -0.382267E-02   0.758629E-01   0.421936E-01  -0.327849E+00  -0.790961E-01   0.100000E+01   0.100000E+01  -0.820873E-01  -0.100000E+01
